Lx, Ly, Nx, Ny, dt, T, Re
1,1,5,5,0.0001,1,100

wdata
0    0.114191    0.185953    0.148974    0    
0.114191    0.0164523    0.0121833    0.0192225    0.148974    
0.30371    -0.0187456    -0.065869    -0.0681809    0.44838    
0.558151    -0.489304    -0.86743    -1.30719    1.0032    
0    -7.44185    -7.04972    -6.9968    0    

sdata
0    0    0    0    0    
0    -0.00356865    -0.00581142    -0.00465578    0    
0    -0.00949143    -0.0157827    -0.0140131    0    
0    -0.0174428    -0.0296981    -0.0313526    0    
0    0    0    0    0    
