Lx, Ly, Nx, Ny, dt, T, Re
1,1,51,51,0.0001,0.2,100

wdata
0    -0.000319696    0.00799904    0.0241481    0.0453542    0.0692008    0.0940723    0.11903    0.143572    0.167435    0.190469    0.212567    0.233637    0.253593    0.272351    0.28983    0.305954    0.320651    0.333855    0.345506    0.355549    0.363938    0.370631    0.375593    0.378797    0.380222    0.379853    0.377686    0.37372    0.367965    0.360437    0.351161    0.340169    0.327504    0.313213    0.297355    0.279996    0.26121    0.241077    0.219685    0.197125    0.173501    0.148933    0.123594    0.0977742    0.0720135    0.0472987    0.0253034    0.00851329    -0.000216306    0    
-0.000319696    0.00862875    0.0171711    0.0282848    0.0421625    0.0580436    0.0750493    0.0924787    0.109856    0.126883    0.143376    0.159217    0.174318    0.188609    0.202025    0.214508    0.226004    0.236463    0.24584    0.254092    0.261184    0.267084    0.271764    0.275201    0.277378    0.278283    0.277908    0.276251    0.273314    0.269106    0.26364    0.256935    0.249016    0.239913    0.229662    0.218305    0.205888    0.192464    0.178093    0.162838    0.146775    0.129997    0.112631    0.0948724    0.0770337    0.0596104    0.0433258    0.0290846    0.0176746    0.00891838    -0.000216306    
0.00798348    0.0172253    0.0229274    0.0287162    0.0360472    0.0450857    0.0554184    0.0664964    0.0778482    0.0891397    0.100157    0.11077    0.120894    0.13047    0.139451    0.147797    0.155471    0.162442    0.168678    0.174153    0.178845    0.182733    0.185799    0.188032    0.189419    0.189954    0.189633    0.188457    0.186427    0.183551    0.179839    0.175304    0.169964    0.163839    0.156953    0.149336    0.141018    0.132035    0.122428    0.112245    0.101547    0.0904214    0.0790058    0.0675204    0.056308    0.0458485    0.0366989    0.0292805    0.0234371    0.0177167    0.00846184    
0.0241943    0.028518    0.0289119    0.0288531    0.0301905    0.0334499    0.03838    0.0444394    0.0510976    0.0579576    0.0647646    0.0713689    0.0776851    0.0836613    0.0892625    0.0944616    0.0992356    0.103564    0.10743    0.110816    0.113709    0.116097    0.11797    0.119321    0.120144    0.120434    0.120192    0.119417    0.118111    0.116281    0.113932    0.111074    0.107717    0.103876    0.099565    0.0948025    0.0896084    0.0840058    0.0780221    0.0716934    0.0650735    0.0582514    0.0513815    0.044725    0.038685    0.0337956    0.0305997    0.0293491    0.0295241    0.0292893    0.0251817    
0.0457204    0.0428107    0.0366253    0.0305186    0.0264166    0.0248867    0.0256172    0.027943    0.0312064    0.0349136    0.0387515    0.0425431    0.0461948    0.0496573    0.0529026    0.0559122    0.0586721    0.0611703    0.0633968    0.0653426    0.067    0.0683626    0.0694251    0.0701836    0.0706351    0.0707781    0.0706121    0.0701379    0.0693575    0.068274    0.0668919    0.0652165    0.0632547    0.0610145    0.058505    0.0557367    0.0527216    0.0494742    0.0460135    0.042369    0.0385921    0.0347805    0.0311172    0.0279223    0.025696    0.0250989    0.026795    0.0310944    0.0374374    0.0439244    0.0472493    
0.0703689    0.0594905    0.0463166    0.0342659    0.0252714    0.0197945    0.01733    0.0169972    0.0179557    0.0195851    0.0214984    0.0234821    0.0254286    0.0272866    0.0290308    0.0306478    0.0321288    0.0334671    0.0346574    0.0356949    0.0365758    0.0372969    0.0378554    0.0382495    0.038478    0.0385402    0.0384362    0.0381665    0.0377326    0.0371363    0.0363802    0.0354675    0.0344019    0.0331879    0.0318306    0.0303359    0.0287106    0.0269642    0.0251109    0.0231774    0.0212184    0.0193465    0.0177827    0.0169237    0.0173979    0.0200497    0.0257578    0.0350252    0.0474    0.060985    0.0724322    
0.096762    0.0778469    0.0576835    0.0399107    0.0264796    0.0176885    0.012768    0.0105652    0.0100197    0.0103623    0.0111194    0.0120338    0.0129796    0.0138995    0.0147682    0.0155744    0.0163122    0.0169778    0.0175685    0.0180819    0.0185162    0.0188699    0.0191418    0.0193311    0.0194373    0.0194603    0.0194002    0.0192574    0.0190327    0.0187273    0.0183424    0.0178799    0.0173417    0.0167301    0.0160477    0.0152978    0.0144844    0.0136141    0.0126992    0.0117669    0.0108785    0.0101666    0.00989834    0.0105596    0.0129306    0.0180772    0.0271502    0.0409154    0.0590848    0.0797488    0.0993545    
0.124202    0.0973553    0.0703001    0.0469956    0.0294385    0.0177447    0.0108463    0.00728516    0.00575698    0.00532874    0.00543126    0.00575863    0.00616291    0.00657858    0.00697843    0.00735144    0.00769293    0.00800056    0.00827289    0.00850886    0.00870764    0.0088686    0.00899126    0.00907529    0.00912054    0.00912699    0.0090948    0.00902423    0.00891573    0.00876986    0.00858733    0.00836898    0.00811581    0.00782893    0.00750969    0.00715981    0.00678197    0.00638144    0.00597045    0.00557871    0.00527664    0.0052206    0.00572911    0.00738681    0.0111409    0.018303    0.0303287    0.0482807    0.0720521    0.0996919    0.127338    
0.15243    0.117718    0.08382    0.055077    0.0335549    0.0191825    0.0105746    0.00594851    0.0037401    0.00284213    0.00258365    0.00260622    0.00273774    0.0029029    0.00307122    0.00323104    0.00337798    0.00351029    0.00362715    0.00372805    0.00381265    0.00388069    0.003932    0.00396646    0.00398405    0.00398479    0.00396878    0.00393617    0.00388718    0.00382209    0.00374124    0.00364502    0.00353389    0.00340838    0.00326916    0.00311728    0.0029548    0.00278673    0.00262616    0.00250661    0.00250933    0.00281676    0.00380281    0.00615746    0.0110057    0.0199206    0.0346818    0.0566666    0.0859533    0.120525    0.15615    
0.181428    0.138816    0.0980323    0.0638407    0.0383932    0.0214299    0.0112363    0.00569077    0.00295786    0.00174798    0.00128357    0.00115087    0.00115204    0.00120101    0.0012633    0.00132607    0.00138475    0.00143777    0.00148451    0.00152473    0.00155827    0.00158503    0.00160496    0.00161802    0.00162422    0.00162359    0.00161617    0.00160204    0.00158132    0.00155412    0.0015206    0.00148092    0.0014353    0.00138398    0.00132734    0.00126613    0.00120226    0.00114099    0.00109685    0.00110793    0.00126744    0.00178561    0.00309479    0.00599552    0.0117988    0.0223512    0.0397702    0.065759    0.100583    0.142142    0.185796    
0.211295    0.160645    0.112845    0.07311    0.0436905    0.0241357    0.012391    0.00598304    0.0027946    0.00134646    0.000750133    0.000534188    0.000473811    0.000471474    0.000488315    0.00050998    0.000531509    0.000551268    0.000568723    0.000583693    0.000596101    0.000605912    0.000613107    0.000617681    0.000619641    0.000619003    0.000615794    0.000610049    0.000601815    0.000591144    0.0005781    0.000562756    0.0005452    0.000525564    0.000504104    0.000481493    0.000459695    0.000444493    0.000452193    0.000525929    0.000771651    0.00142886    0.00299104    0.00637403    0.0130826    0.0252471    0.0453359    0.0753882    0.115858    0.164552    0.216393    
0.242174    0.183268    0.128249    0.0828114    0.0493154    0.0271145    0.0138023    0.00654054    0.00291914    0.00126196    0.000565235    0.00029757    0.000206052    0.000181174    0.000179403    0.000184729    0.000191663    0.00019844    0.000204514    0.000209724    0.000214016    0.000217374    0.000219791    0.000221269    0.000221811    0.000221427    0.000220127    0.000217928    0.000214848    0.000210908    0.000206133    0.000200554    0.000194214    0.000187196    0.000179722    0.000172475    0.00016759    0.000171503    0.000202501    0.000309114    0.000610726    0.00137749    0.00316674    0.00701445    0.0146269    0.0284298    0.051255    0.0854897    0.131782    0.187833    0.248109    
0.274232    0.206781    0.144282    0.092935    0.055218    0.0302831    0.0153586    0.00722638    0.00317158    0.00131307    0.000527165    0.00022009    0.000109703    7.40159e-05    6.46082e-05    6.3708e-05    6.52455e-05    6.72804e-05    6.92276e-05    7.09192e-05    7.23085e-05    7.33828e-05    7.41392e-05    7.45782e-05    7.47021e-05    7.45148e-05    7.4021e-05    7.32269e-05    7.21395e-05    7.07672e-05    6.91196e-05    6.72104e-05    6.50651e-05    6.2753e-05    6.04966e-05    5.9032e-05    6.07194e-05    7.27245e-05    0.000115465    0.000243182    0.000589372    0.00145631    0.00346807    0.00778606    0.0163268    0.0318235    0.0574863    0.0960636    0.148403    0.212096    0.281127    
0.307642    0.231299    0.161009    0.103505    0.0613924    0.0336132    0.0170145    0.0079818    0.00348203    0.00142012    0.000547259    0.000204708    7.98667e-05    3.77543e-05    2.48582e-05    2.15633e-05    2.11819e-05    2.15822e-05    2.21256e-05    2.26313e-05    2.3051e-05    2.33723e-05    2.35925e-05    2.37116e-05    2.37305e-05    2.36509e-05    2.34744e-05    2.32035e-05    2.28405e-05    2.23886e-05    2.1852e-05    2.1238e-05    2.05672e-05    1.99079e-05    1.94984e-05    2.0148e-05    2.44708e-05    4.04221e-05    9.06834e-05    0.000235519    0.000623278    0.00158995    0.00382958    0.00863492    0.0181424    0.0354065    0.0640324    0.107145    0.165799    0.237472    0.315643    
0.342586    0.256948    0.17851    0.114565    0.0678548    0.0371027    0.0187561    0.00878497    0.00382297    0.0015511    0.00058974    0.000212228    7.41967e-05    2.71179e-05    1.2175e-05    7.83239e-06    6.75652e-06    6.61317e-06    6.70479e-06    6.83494e-06    6.95127e-06    7.04065e-06    7.1001e-06    7.12919e-06    7.1282e-06    7.09767e-06    7.03823e-06    6.95067e-06    6.8359e-06    6.69511e-06    6.53042e-06    6.34757e-06    6.16643e-06    6.05977e-06    6.28856e-06    7.74579e-06    1.33214e-05    3.18133e-05    8.83032e-05    0.000249423    0.000679186    0.00174908    0.00422675    0.00954288    0.0200646    0.0391834    0.0709182    0.118789    0.184066    0.264106    0.351864    
0.379255    0.283865    0.196872    0.126167    0.0746318    0.0407616    0.0205833    0.00962992    0.00418498    0.00169437    0.000641314    0.000228011    7.68623e-05    2.519e-05    8.64492e-06    3.69102e-06    2.32216e-06    1.99297e-06    1.94384e-06    1.96119e-06    1.98829e-06    2.01087e-06    2.02558e-06    2.03177e-06    2.02941e-06    2.01867e-06    1.99975e-06    1.97291e-06    1.9385e-06    1.89708e-06    1.8502e-06    1.80333e-06    1.77754e-06    1.85229e-06    2.31473e-06    4.14923e-06    1.05417e-05    3.11882e-05    9.37203e-05    0.000271519    0.000745171    0.00192368    0.0046523    0.0105071    0.0220981    0.0431711    0.0781802    0.13106    0.203309    0.292158    0.39001    
0.417854    0.312196    0.216194    0.138369    0.0817555    0.0446053    0.0225018    0.0105171    0.00456576    0.00184624    0.000697469    0.000246991    8.23567e-05    2.60816e-05    8.03529e-06    2.59522e-06    1.05496e-06    6.4953e-07    5.54758e-07    5.39182e-07    5.41371e-07    5.45886e-07    5.49061e-07    5.50092e-07    5.4884e-07    5.45328e-07    5.39625e-07    5.31821e-07    5.2206e-07    5.10739e-07    4.99306e-07    4.93554e-07    5.16426e-07    6.55212e-07    1.22584e-06    3.31123e-06    1.04146e-05    3.31911e-05    0.000101989    0.000297369    0.000817509    0.00211117    0.00510576    0.011531    0.0242535    0.0473926    0.0858615    0.144032    0.223644    0.321796    0.430317    
0.458602    0.342099    0.23658    0.151237    0.0892621    0.0486521    0.0245196    0.0114493    0.00496569    0.0020059    0.00075687    0.000267555    8.88951e-05    2.78756e-05    8.31609e-06    2.41485e-06    7.35595e-07    2.84989e-07    1.71805e-07    1.46043e-07    1.41431e-07    1.41316e-07    1.41733e-07    1.41792e-07    1.41292e-07    1.4022e-07    1.38587e-07    1.36443e-07    1.33871e-07    1.31236e-07    1.30059e-07    1.36657e-07    1.76205e-07    3.44641e-07    9.89121e-07    3.29883e-06    1.11177e-05    3.61288e-05    0.000111586    0.000325708    0.000895417    0.00231175    0.00558934    0.0126208    0.0265444    0.051875    0.094011    0.157787    0.245199    0.35321    0.473043    
0.501737    0.373746    0.258145    0.164839    0.097191    0.0529222    0.0266463    0.0124306    0.0053861    0.00217355    0.000819261    0.000289257    9.59436e-05    2.99876e-05    8.8662e-06    2.49804e-06    6.85413e-07    1.97318e-07    7.29275e-08    4.30611e-08    3.64306e-08    3.5149e-08    3.49532e-08    3.48721e-08    3.46944e-08    3.43944e-08    3.39542e-08    3.34005e-08    3.28285e-08    3.26132e-08    3.44096e-08    4.51388e-08    9.24761e-08    2.81816e-07    9.94171e-07    3.53354e-06    1.21112e-05    3.95157e-05    0.000122118    0.000356342    0.000979139    0.00252665    0.00610639    0.0137843    0.0289869    0.056649    0.102684    0.172416    0.268116    0.386605    0.518471    
0.547518    0.407325    0.281015    0.179254    0.105585    0.0574379    0.0288924    0.0134654    0.00582868    0.00234975    0.000884728    0.000312018    0.000103362    3.22524e-05    9.50687e-06    2.65664e-06    7.08586e-07    1.84137e-07    5.01936e-08    1.77178e-08    1.02518e-08    8.63435e-09    8.29605e-09    8.20988e-09    8.14628e-09    8.06702e-09    7.95667e-09    7.8371e-09    7.8057e-09    8.26878e-09    1.10461e-08    2.37517e-08    7.67827e-08    2.85853e-07    1.06882e-06    3.85423e-06    1.32508e-05    4.32407e-05    0.000133554    0.000389429    0.0010693    0.00275758    0.00666104    0.0150304    0.0315993    0.0617494    0.111941    0.188021    0.292553    0.42221    0.566912    
0.596233    0.443043    0.305326    0.194565    0.114493    0.0622235    0.0312692    0.0145586    0.00629537    0.00253516    0.000953472    0.000335869    0.000111126    3.46284e-05    1.019e-05    2.83937e-06    7.51628e-07    1.90207e-07    4.69125e-08    1.21335e-08    4.10519e-09    2.32904e-09    1.95355e-09    1.87312e-09    1.83858e-09    1.8196e-09    1.79365e-09    1.78391e-09    1.89106e-09    2.57899e-09    5.85105e-09    2.00595e-08    7.86214e-08    3.08535e-07    1.16789e-06    4.22091e-06    1.45083e-05    4.73059e-05    0.000145975    0.000425267    0.00116674    0.00300663    0.00725809    0.0163695    0.0344026    0.0672156    0.121852    0.204717    0.318685    0.46028    0.618717    
0.648202    0.481131    0.331234    0.210866    0.123965    0.0673057    0.0337893    0.0157155    0.00678824    0.00273053    0.00102573    0.000360875    0.000119245    3.71085e-05    1.09041e-05    3.03308e-06    8.00692e-07    2.0121e-07    4.84154e-08    1.13607e-08    2.80722e-09    9.16097e-10    5.10521e-10    4.2904e-10    4.03698e-10    4.10567e-10    3.99442e-10    4.13764e-10    5.67586e-10    1.37481e-09    5.02812e-09    2.07335e-08    8.5215e-08    3.37888e-07    1.28099e-06    4.62716e-06    1.58886e-05    5.17494e-05    0.000159514    0.000464234    0.00127244    0.00327624    0.00790313    0.0178136    0.0374209    0.0730928    0.132497    0.222633    0.346714    0.501105    0.674277    
0.70378    0.521848    0.35891    0.228263    0.134061    0.072714    0.0364663    0.016942    0.00730956    0.00293666    0.00110176    0.000387109    0.000127738    3.96946e-05    1.16468e-05    3.23463e-06    8.5237e-07    2.13622e-07    5.10655e-08    1.16966e-08    2.62545e-09    6.21807e-10    2.03399e-10    1.16761e-10    8.86247e-11    9.17247e-11    8.39064e-11    1.14421e-10    2.97777e-10    1.2023e-09    5.24912e-09    2.25716e-08    9.35841e-08    3.71413e-07    1.40693e-06    5.076e-06    1.74077e-05    5.66263e-05    0.000174336    0.000506788    0.0013876    0.0035693    0.00860275    0.0193767    0.0406821    0.0794332    0.143966    0.241919    0.376866    0.545011    0.734038    
0.763373    0.565486    0.388546    0.246871    0.144845    0.0784814    0.0393154    0.0182443    0.00786176    0.00315439    0.00118183    0.000414648    0.000136623    4.23908e-05    1.24184e-05    3.44337e-06    9.05856e-07    2.26603e-07    5.40161e-08    1.22974e-08    2.68825e-09    5.72923e-10    1.33544e-10    4.08689e-11    1.50948e-11    4.61413e-12    1.18589e-12    3.44933e-11    2.53939e-10    1.25506e-09    5.7293e-09    2.48618e-08    1.03152e-07    4.08958e-07    1.54703e-06    5.57365e-06    1.90875e-05    6.20048e-05    0.00019064    0.000553479    0.00151364    0.00388924    0.00936474    0.0210754    0.0442191    0.086298    0.156366    0.262747    0.409405    0.592375    0.798507    
0.827441    0.612377    0.420364    0.266824    0.156391    0.0846446    0.0423533    0.0196296    0.00844747    0.00338464    0.00126622    0.000443573    0.00014592    4.52012e-05    1.32194e-05    3.65919e-06    9.60931e-07    2.39938e-07    5.70594e-08    1.2938e-08    2.79295e-09    5.6228e-10    9.88619e-11    2.78554e-12    -2.9654e-11    -5.25023e-11    -4.5271e-11    -9.99061e-12    2.28515e-10    1.34094e-09    6.2881e-09    2.74456e-08    1.13885e-07    4.50997e-07    1.7036e-06    6.12834e-06    2.0955e-05    6.79689e-05    0.000208671    0.000604974    0.00165226    0.00424019    0.0101984    0.0229295    0.048071    0.0937591    0.169821    0.285318    0.444637    0.643633    0.868271    
0.896513    0.662904    0.454616    0.288275    0.168781    0.0912449    0.0455989    0.0211055    0.00906956    0.00362836    0.00135523    0.000473962    0.000155648    4.81292e-05    1.40502e-05    3.88196e-06    1.01746e-06    2.5349e-07    6.00738e-08    1.34913e-08    2.80393e-09    4.51361e-10    -5.79476e-11    -1.77625e-10    -2.04167e-10    -2.17412e-10    -2.16994e-10    -1.81157e-10    6.26346e-11    1.28774e-09    6.7644e-09    3.01983e-08    1.25825e-07    4.98182e-07    1.87939e-06    6.75017e-06    2.30437e-05    7.46217e-05    0.000228728    0.000662091    0.00180557    0.0046272    0.0111152    0.0249627    0.0522845    0.101903    0.184479    0.30987    0.482919    0.699293    0.944013    
0.971203    0.71751    0.491593    0.311396    0.182111    0.0983292    0.049073    0.0226804    0.00973113    0.00388659    0.00144915    0.000505894    0.000165824    5.11775e-05    1.49107e-05    4.11123e-06    1.075e-06    2.66833e-07    6.26266e-08    1.35191e-08    2.24453e-09    -2.58686e-10    -8.33376e-10    -1.00136e-09    -1.07839e-09    -1.11986e-09    -1.16931e-09    -1.16392e-09    -9.27681e-10    3.99064e-10    6.44659e-09    3.24143e-08    1.38423e-07    5.50666e-07    2.07725e-06    7.45106e-06    2.53943e-05    8.20908e-05    0.000251183    0.000725846    0.00197617    0.0050565    0.0121289    0.0272045    0.056917    0.110833    0.200518    0.336688    0.524677    0.759955    1.02653    
1.05223    0.776714    0.531636    0.336393    0.196491    0.105951    0.0527993    0.0243637    0.0104356    0.00416039    0.0015483    0.000539441    0.000176461    5.43464e-05    1.57991e-05    4.34505e-06    1.13161e-06    2.77989e-07    6.26359e-08    1.08345e-08    -1.17318e-09    -3.96379e-09    -4.73378e-09    -5.08632e-09    -5.34867e-09    -5.58722e-09    -5.84288e-09    -6.04653e-09    -5.99635e-09    -4.75836e-09    1.73311e-09    3.03746e-08    1.4803e-07    6.05546e-07    2.29744e-06    8.24252e-06    2.80549e-05    9.05337e-05    0.000276502    0.000797516    0.00216732    0.00553591    0.0132572    0.029691    0.0620392    0.120679    0.218156    0.366116    0.570424    0.826338    1.11679    
1.14046    0.841131    0.575145    0.3635    0.212046    0.114172    0.0568044    0.026166    0.0111865    0.0044509    0.00165297    0.000574666    0.000187563    5.76288e-05    1.67069e-05    4.57478e-06    1.1784e-06    2.77662e-07    5.03494e-08    -4.81337e-09    -1.81766e-08    -2.18837e-08    -2.34982e-08    -2.4678e-08    -2.57886e-08    -2.69401e-08    -2.81377e-08    -2.9307e-08    -3.02805e-08    -2.99981e-08    -2.39287e-08    6.81721e-09    1.36735e-07    6.45084e-07    2.52543e-06    9.12345e-06    3.10699e-05    0.000100134    0.000305262    0.000878718    0.0023832    0.00607539    0.0145221    0.0324684    0.0677399    0.1316    0.237661    0.398576    0.620784    0.899309    1.21591    
1.23689    0.911494    0.622598    0.393    0.228926    0.123062    0.0611187    0.0280988    0.0119878    0.00475927    0.00176343    0.000611598    0.000199107    6.09903e-05    1.75975e-05    4.76231e-06    1.17538e-06    2.23772e-07    -1.84729e-08    -7.98124e-08    -9.73277e-08    -1.04753e-07    -1.10006e-07    -1.14876e-07    -1.19783e-07    -1.24839e-07    -1.30116e-07    -1.35583e-07    -1.41111e-07    -1.45593e-07    -1.4399e-07    -1.15229e-07    2.40318e-08    5.8587e-07    2.67836e-06    1.00243e-05    3.44243e-05    0.000111053    0.000338133    0.000971464    0.00262911    0.00668777    0.0159523    0.0355959    0.0741329    0.1438    0.259372    0.434597    0.676527    0.97993    1.32531    
1.34279    0.988691    0.674569    0.425225    0.247306    0.132705    0.0657766    0.0301748    0.0128437    0.00508657    0.00187984    0.000650156    0.000210955    6.42821e-05    1.83146e-05    4.7429e-06    9.48768e-07    -6.66153e-08    -3.3587e-07    -4.15202e-07    -4.48567e-07    -4.71349e-07    -4.91931e-07    -5.12271e-07    -5.32988e-07    -5.5434e-07    -5.76617e-07    -5.9999e-07    -6.24584e-07    -6.4946e-07    -6.69291e-07    -6.60753e-07    -5.30576e-07    7.12335e-08    2.38608e-06    1.05761e-05    3.78017e-05    0.000123185    0.000375655    0.00107806    0.00291171    0.00738961    0.0175851    0.0391508    0.0813666    0.157541    0.283724    0.474848    0.738622    1.06952    1.44668    
1.45965    1.07381    0.731754    0.460579    0.267394    0.143195    0.0708171    0.0324079    0.0137582    0.00543354    0.00200195    0.000689839    0.000222536    6.68941e-05    1.82116e-05    3.83262e-06    -2.22992e-07    -1.35218e-06    -1.6968e-06    -1.84141e-06    -1.93714e-06    -2.02135e-06    -2.1032e-06    -2.18526e-06    -2.26877e-06    -2.35467e-06    -2.44406e-06    -2.53808e-06    -2.63788e-06    -2.74368e-06    -2.85099e-06    -2.93521e-06    -2.89305e-06    -2.33174e-06    1.45189e-07    9.21547e-06    3.96373e-05    0.000135162    0.000417236    0.00120016    0.00323843    0.00820164    0.0194693    0.0432356    0.0896378    0.173174    0.311288    0.5202    0.808313    1.16976    1.58218    
1.58939    1.1682    0.795015    0.499552    0.289438    0.154644    0.0762841    0.0348124    0.0147343    0.00579953    0.00212802    0.000728558    0.000231588    6.64142e-05    1.47269e-05    -6.78843e-07    -5.19536e-06    -6.62894e-06    -7.23325e-06    -7.62235e-06    -7.95562e-06    -8.27361e-06    -8.58771e-06    -8.9027e-06    -9.22221e-06    -9.54996e-06    -9.89016e-06    -1.02476e-05    -1.06277e-05    -1.10356e-05    -1.1472e-05    -1.19163e-05    -1.22596e-05    -1.20662e-05    -9.76456e-06    -7.30403e-08    3.3659e-05    0.000140679    0.000457265    0.00133486    0.00361384    0.0091463    0.0216654    0.0479847    0.09921    0.191165    0.34283    0.571809    0.887226    1.28281    1.73453    
1.73438    1.27355    0.865422    0.542744    0.313737    0.167182    0.0822241    0.0373999    0.0157707    0.00617887    0.00225087    0.000758383    0.000229584    5.37408e-05    -1.80365e-06    -1.90003e-05    -2.46996e-05    -2.71283e-05    -2.8656e-05    -2.99301e-05    -3.11226e-05    -3.22822e-05    -3.34278e-05    -3.45726e-05    -3.57293e-05    -3.69118e-05    -3.81359e-05    -3.94197e-05    -4.07843e-05    -4.22533e-05    -4.38489e-05    -4.55736e-05    -4.73358e-05    -4.86775e-05    -4.78528e-05    -3.88963e-05    -2.924e-06    0.00011589    0.000471646    0.00146034    0.00402496    0.010234    0.024236    0.0535636    0.11043    0.212149    0.37939    0.63124    0.977545    1.41151    1.9073    
1.89769    1.39203    0.944328    0.590902    0.340648    0.180951    0.0886787    0.0401695    0.0168505    0.00654842    0.0023443    0.000750849    0.000185948    -3.73709e-06    -6.59444e-05    -8.75533e-05    -9.69167e-05    -0.000102697    -0.000107394    -0.000111703    -0.000115826    -0.000119837    -0.000123784    -0.00012771    -0.000131658    -0.00013568    -0.000139832    -0.000144177    -0.00014879    -0.000153758    -0.00015918    -0.000165148    -0.00017167    -0.000178359    -0.000183385    -0.00018011    -0.000147117    -2.07476e-05    0.000374701    0.00148955    0.00439174    0.011412    0.0271975    0.0601323    0.123718    0.236961    0.422392    0.700657    1.08227    1.55976    2.10526    
2.08335    1.52647    1.03346    0.644944    0.370583    0.196091    0.0956566    0.0430749    0.0179042    0.00682715    0.00231899    0.000609211    -3.0886e-06    -0.000216465    -0.000294432    -0.000328972    -0.000349999    -0.000366659    -0.00038163    -0.000395717    -0.000409211    -0.000422281    -0.000435069    -0.000447721    -0.000460389    -0.000473243    -0.000486469    -0.00050028    -0.000514922    -0.000530686    -0.000547916    -0.000567004    -0.000588317    -0.000611869    -0.000636128    -0.000654156    -0.000642073    -0.000527323    -0.00010822    0.00113243    0.00441771    0.012404    0.0303537    0.067688    0.139446    0.266593    0.473714    0.783048    1.20561    1.73296    2.33497    
2.29672    1.68058    1.13505    0.705989    0.403974    0.212666    0.103047    0.0459248    0.0186984    0.00675268    0.0018878    2.33213e-05    -0.000669332    -0.000936475    -0.00105806    -0.00113139    -0.0011881    -0.00123799    -0.00128413    -0.00132764    -0.0013691    -0.00140901    -0.00144781    -0.00148599    -0.00152404    -0.00156248    -0.00160191    -0.00164298    -0.00168646    -0.00173324    -0.00178439    -0.00184121    -0.00190519    -0.00197773    -0.00205882    -0.00214272    -0.00220455    -0.00216322    -0.00178745    -0.000478531    0.00318155    0.0122635    0.0328148    0.0755696    0.157476    0.301846    0.535564    0.882404    1.3535    1.9389    2.60587    
2.54519    1.85939    1.25193    0.775306    0.441126    0.23046    0.110373    0.0480977    0.0185163    0.00552967    0.000183933    -0.00194008    -0.00280749    -0.00321484    -0.0034593    -0.00364407    -0.00380311    -0.00394755    -0.00408154    -0.00420719    -0.00432611    -0.00443974    -0.00454953    -0.00465691    -0.00476338    -0.00487052    -0.00498005    -0.00509385    -0.00521411    -0.00534339    -0.00548478    -0.00564207    -0.00581989    -0.00602364    -0.00625834    -0.00652392    -0.00679993    -0.00700221    -0.00687142    -0.00571528    -0.00187344    0.00826102    0.0317717    0.0811379    0.175824    0.342135    0.609654    1.00351    1.53411    2.18891    2.93202    
2.83914    2.0697    1.38765    0.854083    0.481786    0.248419    0.116121    0.0477851    0.0153133    0.000904131    -0.00523867    -0.00790261    -0.00919818    -0.00997505    -0.0105496    -0.011033    -0.0114637    -0.0118565    -0.0122188    -0.0125559    -0.0128723    -0.0131725    -0.0134605    -0.0137405    -0.0140168    -0.0142937    -0.0145757    -0.014868    -0.0151765    -0.0155077    -0.0158699    -0.0162733    -0.0167303    -0.017257    -0.0178718    -0.0185919    -0.0194166    -0.0202776    -0.020906    -0.0205211    -0.0171792    -0.00658534    0.0197463    0.076734    0.187417    0.382321    0.694593    1.15048    1.75798    2.49962    3.33513    
3.19362    2.32077    1.54626    0.942666    0.52402    0.263249    0.11612    0.0401423    0.00366675    -0.0130673    -0.0207926    -0.0246954    -0.0270422    -0.0287425    -0.0301389    -0.0313575    -0.0324489    -0.0334382    -0.0343427    -0.0351766    -0.0359529    -0.0366835    -0.0373799    -0.038053    -0.0387138    -0.0393732    -0.0400428    -0.0407351    -0.0414644    -0.0422469    -0.0431026    -0.044056    -0.0451383    -0.0463895    -0.0478608    -0.0496126    -0.0517004    -0.0541203    -0.0566544    -0.0584909    -0.0574124    -0.0482917    -0.0207523    0.0436531    0.173415    0.405754    0.779513    1.32224    2.03653    2.89487    3.84939    
3.63087    2.62499    1.73142    1.03866    0.561599    0.266255    0.0998714    0.0131745    -0.0297361    -0.0508644    -0.0619786    -0.0687004    -0.0734756    -0.0772964    -0.0805547    -0.0834145    -0.085959    -0.0882429    -0.0903095    -0.0921967    -0.0939382    -0.0955647    -0.0971047    -0.0985848    -0.100031    -0.101468    -0.102924    -0.104426    -0.106006    -0.1077    -0.109552    -0.111618    -0.113965    -0.116686    -0.1199    -0.123762    -0.128458    -0.134152    -0.140824    -0.147805    -0.152762    -0.149721    -0.125898    -0.0577612    0.0918061    0.371585    0.831331    1.50215    2.37681    3.40704    4.52884    
4.18425    2.99817    1.94398    1.13266    0.578523    0.236837    0.0431406    -0.0604545    -0.114915    -0.144793    -0.163013    -0.17571    -0.185582    -0.193777    -0.200804    -0.206926    -0.212312    -0.217089    -0.221365    -0.225231    -0.228767    -0.232046    -0.23513    -0.23808    -0.240949    -0.243793    -0.246667    -0.249627    -0.25274    -0.256077    -0.259727    -0.2638    -0.268435    -0.273817    -0.280195    -0.287904    -0.297385    -0.309163    -0.323688    -0.340828    -0.3586    -0.370554    -0.361289    -0.300419    -0.137472    0.19665    0.774203    1.63852    2.76878    4.07572    5.45712    
4.90398    3.45856    2.1763    1.19983    0.538636    0.130529    -0.105301    -0.237633    -0.313402    -0.360079    -0.391986    -0.416003    -0.435301    -0.451384    -0.465048    -0.476791    -0.486977    -0.495896    -0.503786    -0.51085    -0.517258    -0.523158    -0.528679    -0.533937    -0.539039    -0.544087    -0.549184    -0.554436    -0.55996    -0.56589    -0.572384    -0.579639    -0.587908    -0.597527    -0.608951    -0.622812    -0.639982    -0.661619    -0.689076    -0.72342    -0.763973    -0.804955    -0.829145    -0.798333    -0.64324    -0.261113    0.465166    1.6153    3.16093    4.93969    6.75903    
5.86548    4.02262    2.40057    1.1845    0.367917    -0.140358    -0.443955    -0.625231    -0.738182    -0.813906    -0.868805    -0.911146    -0.945139    -0.973089    -0.996418    -1.01612    -1.03293    -1.04744    -1.06013    -1.07138    -1.08151    -1.09078    -1.09943    -1.10765    -1.11563    -1.12354    -1.13155    -1.13982    -1.14855    -1.15796    -1.16829    -1.17987    -1.1931    -1.20851    -1.22685    -1.24916    -1.27691    -1.31218    -1.35772    -1.41666    -1.49106    -1.57802    -1.66125    -1.69666    -1.59328    -1.19974    -0.318741    1.21945    3.41963    6.01471    8.61159    
7.18126    4.69262    2.54571    0.973522    -0.0730974    -0.733692    -1.14338    -1.4015    -1.57111    -1.68882    -1.77487    -1.84044    -1.89188    -1.93308    -1.96661    -1.99429    -2.01747    -2.03715    -2.05414    -2.06907    -2.08244    -2.09466    -2.10607    -2.11696    -2.1276    -2.13824    -2.14911    -2.16046    -2.17256    -2.18569    -2.20024    -2.21663    -2.23545    -2.25744    -2.28366    -2.3156    -2.35541    -2.40622    -2.47249    -2.56007    -2.67524    -2.82092    -2.98694    -3.13062    -3.14543    -2.82532    -1.85335    0.124238    3.27039    7.24238    11.2522    
9.0191    5.42242    2.44869    0.348761    -1.03056    -1.90917    -2.46608    -2.82379    -3.05953    -3.22    -3.333    -3.41514    -3.47651    -3.52347    -3.56016    -3.58941    -3.61321    -3.63299    -3.64981    -3.66449    -3.67765    -3.68979    -3.70131    -3.71256    -3.72384    -3.73544    -3.74764    -3.76072    -3.775    -3.79084    -3.80869    -3.82908    -3.85272    -3.88054    -3.91383    -3.95443    -4.00502    -4.0696    -4.15411    -4.26705    -4.41942    -4.62216    -4.87737    -5.15679    -5.3597    -5.24688    -4.37002    -2.07678    2.22438    8.37718    14.9783    
11.6248    6.0147    1.73767    -1.11004    -2.92386    -4.05978    -4.76438    -5.19862    -5.46563    -5.63044    -5.73328    -5.79853    -5.8408    -5.8688    -5.88779    -5.90103    -5.91061    -5.91791    -5.92385    -5.92912    -5.93418    -5.93942    -5.94514    -5.95157    -5.95895    -5.96751    -5.97748    -5.98912    -6.00273    -6.01867    -6.03738    -6.05944    -6.08559    -6.11683    -6.15454    -6.20068    -6.25812    -6.33119    -6.42647    -6.55391    -6.72789    -6.96684    -7.28824    -7.69147    -8.11545    -8.3509    -7.88895    -5.74056    -0.485003    8.73795    20.1066    
15.3007    5.77931    -0.489462    -4.25336    -6.46556    -7.73425    -8.43041    -8.7859    -8.94602    -8.99966    -8.99898    -8.9731    -8.93744    -8.89971    -8.86353    -8.83045    -8.80102    -8.77533    -8.75329    -8.73474    -8.71949    -8.70739    -8.69831    -8.69217    -8.6889    -8.68853    -8.69109    -8.69671    -8.70556    -8.71791    -8.73415    -8.75476    -8.78044    -8.81214    -8.85116    -8.89936    -8.95944    -9.03546    -9.13365    -9.26374    -9.44073    -9.68678    -10.0314    -10.505    -11.1129    -11.7611    -12.0653    -10.9239    -5.86732    6.676    26.732    
19.9852    2.29732    -6.58732    -10.8618    -12.8136    -13.5691    -13.7206    -13.5887    -13.345    -13.0761    -12.8219    -12.5973    -12.4049    -12.2425    -12.1059    -11.991    -11.8942    -11.8125    -11.7436    -11.6854    -11.6366    -11.5959    -11.5625    -11.5356    -11.5147    -11.4994    -11.4894    -11.4845    -11.4848    -11.4904    -11.5014    -11.5183    -11.5417    -11.5723    -11.6115    -11.6608    -11.7227    -11.8009    -11.9009    -12.0313    -12.2061    -12.4474    -12.7898    -13.2851    -14.0025    -15.0075    -16.2512    -17.1069    -14.8241    -1.43077    33.6249    
22.4204    -13.4693    -22.5674    -24.0301    -23.1236    -21.6222    -20.1451    -18.8822    -17.8616    -17.0555    -16.4224    -15.9231    -15.5257    -15.2056    -14.9446    -14.7296    -14.5509    -14.4014    -14.2756    -14.1696    -14.0802    -14.0051    -13.9424    -13.8906    -13.8486    -13.8155    -13.7908    -13.7739    -13.7646    -13.7629    -13.7688    -13.7827    -13.8051    -13.8369    -13.8793    -13.934    -14.0037    -14.0923    -14.2053    -14.3519    -14.5463    -14.8123    -15.1892    -15.7439    -16.5901    -17.9221    -20.0631    -23.4121    -27.2827    -22.4457    33.9132    
0    -77.5796    -57.2422    -43.3386    -34.3598    -28.5938    -24.8428    -22.3474    -20.6387    -19.4292    -18.5426    -17.8705    -17.3459    -16.9262    -16.5842    -16.3014    -16.0652    -15.8665    -15.6986    -15.5564    -15.4359    -15.3342    -15.2488    -15.178    -15.1201    -15.0741    -15.0393    -15.0149    -15.0008    -14.9968    -15.0031    -15.0201    -15.0487    -15.0899    -15.1457    -15.2187    -15.3126    -15.4332    -15.5894    -15.7949    -16.0718    -16.4568    -17.0111    -17.8396    -19.1256    -21.1989    -24.692    -30.9294    -42.8643    -66.0868    0    

sdata
0    0    0    0    0    0    0    0    0    0    0    0    0    0    0    0    0    0    0    0    0    0    0    0    0    0    0    0    0    0    0    0    0    0    0    0    0    0    0    0    0    0    0    0    0    0    0    0    0    0    0    
0    6.42458e-08    -1.59881e-06    -4.82795e-06    -9.06871e-06    -1.38378e-05    -1.88122e-05    -2.38038e-05    -2.87124e-05    -3.34855e-05    -3.80926e-05    -4.25124e-05    -4.67267e-05    -5.07182e-05    -5.447e-05    -5.79661e-05    -6.11911e-05    -6.41307e-05    -6.67718e-05    -6.91022e-05    -7.11111e-05    -7.2789e-05    -7.41277e-05    -7.51203e-05    -7.57611e-05    -7.60461e-05    -7.59725e-05    -7.55391e-05    -7.47459e-05    -7.35949e-05    -7.20892e-05    -7.02339e-05    -6.80354e-05    -6.55021e-05    -6.26437e-05    -5.94719e-05    -5.59999e-05    -5.22424e-05    -4.82155e-05    -4.39367e-05    -3.94245e-05    -3.46992e-05    -2.97853e-05    -2.4717e-05    -1.95528e-05    -1.44006e-05    -9.45772e-06    -5.05906e-06    -1.70168e-06    4.35728e-08    0    
0    -1.5957e-06    -8.5e-06    -1.99582e-05    -3.44741e-05    -5.06879e-05    -6.76267e-05    -8.46821e-05    -0.000101503    -0.00011789    -0.000133723    -0.000148917    -0.000163404    -0.000177119    -0.000190006    -0.000202006    -0.000213069    -0.000223145    -0.00023219    -0.000240163    -0.000247027    -0.000252751    -0.000257307    -0.000260673    -0.000262829    -0.000263764    -0.000263468    -0.000261938    -0.000259176    -0.000255187    -0.000249984    -0.000243585    -0.000236012    -0.000227294    -0.000217466    -0.000206566    -0.00019464    -0.00018174    -0.00016792    -0.000153242    -0.000137772    -0.000121586    -0.000104777    -8.7479e-05    -6.99072e-05    -5.24359e-05    -3.57016e-05    -2.07107e-05    -8.86108e-06    -1.69138e-06    0    
0    -4.83717e-06    -2.00182e-05    -4.35173e-05    -7.26003e-05    -0.000104847    -0.000138492    -0.000172394    -0.000205866    -0.000238504    -0.000270055    -0.000300338    -0.000329209    -0.000356538    -0.000382207    -0.000406103    -0.000428122    -0.000448168    -0.000466151    -0.000481993    -0.000495621    -0.000506974    -0.000515997    -0.000522646    -0.000526887    -0.000528694    -0.000528052    -0.000524953    -0.000519402    -0.000511413    -0.000501011    -0.000488231    -0.00047312    -0.000455733    -0.00043614    -0.00041442    -0.000390663    -0.000364971    -0.000337454    -0.000308237    -0.000277455    -0.000245264    -0.000211861    -0.000177523    -0.000142684    -0.000108074    -7.48815e-05    -4.49333e-05    -2.07154e-05    -5.0347e-06    0    
0    -9.1419e-06    -3.47833e-05    -7.30335e-05    -0.000119639    -0.000170988    -0.000224453    -0.00027831    -0.000331503    -0.00038339    -0.00043356    -0.000481719    -0.00052763    -0.000571083    -0.000611886    -0.000649862    -0.000684843    -0.000716678    -0.000745227    -0.000770363    -0.000791975    -0.000809964    -0.000824248    -0.000834757    -0.000841437    -0.000844248    -0.000843168    -0.000838186    -0.000829311    -0.000816565    -0.000799989    -0.000779639    -0.000755589    -0.000727929    -0.000696768    -0.000662232    -0.000624465    -0.000583628    -0.000539898    -0.000493474    -0.000444575    -0.000393455    -0.000340434    -0.000285955    -0.000230709    -0.00017581    -0.000123058    -7.51654e-05    -3.5842e-05    -9.44778e-06    0    
0    -1.40714e-05    -5.15898e-05    -0.000106402    -0.0001725    -0.00024497    -0.000320267    -0.000396068    -0.000470928    -0.000543957    -0.000614576    -0.000682365    -0.000746986    -0.00080814    -0.000865555    -0.000918979    -0.00096818    -0.00101294    -0.00105307    -0.00108839    -0.00111875    -0.00114401    -0.00116404    -0.00117877    -0.00118811    -0.00119201    -0.00119043    -0.00118337    -0.00117083    -0.00115286    -0.0011295    -0.00110083    -0.00106697    -0.00102803    -0.000984172    -0.00093557    -0.000882426    -0.000824966    -0.000763442    -0.000698134    -0.000629352    -0.00055746    -0.000482909    -0.000406326    -0.000328662    -0.000251442    -0.000177091    -0.000109267    -5.30143e-05    -1.44842e-05    0    
0    -1.935e-05    -6.96293e-05    -0.00014219    -0.000229099    -0.00032404    -0.000422511    -0.000521566    -0.000619366    -0.000714769    -0.000807021    -0.000895574    -0.000979981    -0.00105985    -0.00113483    -0.00120458    -0.00126881    -0.00132723    -0.00137959    -0.00142567    -0.00146526    -0.00149818    -0.00152429    -0.00154347    -0.00155561    -0.00156065    -0.00155855    -0.00154929    -0.00153289    -0.00150939    -0.00147886    -0.00144142    -0.00139718    -0.00134633    -0.00128905    -0.00122558    -0.00115619    -0.00108115    -0.00100082    -0.000915537    -0.000825728    -0.000731862    -0.000634531    -0.000534547    -0.000433131    -0.000332224    -0.0002349    -0.000145806    -7.14244e-05    -1.98687e-05    0    
0    -2.48381e-05    -8.84606e-05    -0.000179594    -0.000288259    -0.000406654    -0.00052928    -0.000652544    -0.000774209    -0.000892875    -0.00100761    -0.00111774    -0.0012227    -0.00132201    -0.00141523    -0.00150193    -0.00158176    -0.00165436    -0.00171942    -0.00177666    -0.00182584    -0.00186672    -0.00189914    -0.00192294    -0.00193799    -0.00194423    -0.00194159    -0.00193006    -0.00190966    -0.00188043    -0.00184249    -0.00179594    -0.00174095    -0.00167774    -0.00160654    -0.00152765    -0.00144137    -0.00134809    -0.00124821    -0.00114218    -0.00103051    -0.000913795    -0.000792766    -0.000668424    -0.000542264    -0.000416654    -0.000295338    -0.000184001    -9.06424e-05    -2.54656e-05    0    
0    -3.04839e-05    -0.000107901    -0.000218266    -0.000349462    -0.000492137    -0.000639747    -0.000788037    -0.000934355    -0.00107704    -0.00121499    -0.00134738    -0.00147355    -0.00159291    -0.00170492    -0.00180911    -0.00190502    -0.00199223    -0.00207038    -0.00213913    -0.00219818    -0.00224728    -0.0022862    -0.00231477    -0.00233285    -0.00234033    -0.00233715    -0.00232331    -0.00229881    -0.00226372    -0.00221814    -0.00216224    -0.0020962    -0.00202027    -0.00193474    -0.00183995    -0.00173629    -0.00162419    -0.00150414    -0.00137669    -0.00124245    -0.00110213    -0.000956606    -0.000807072    -0.000655305    -0.00050411    -0.000357929    -0.000223528    -0.0001105    -3.12282e-05    0    
0    -3.62838e-05    -0.00012792    -0.00025814    -0.000412607    -0.000580359    -0.000753764    -0.00092788    -0.00109963    -0.00126708    -0.00142895    -0.00158428    -0.00173229    -0.0018723    -0.00200368    -0.00212586    -0.00223832    -0.00234058    -0.0024322    -0.00251279    -0.00258201    -0.00263956    -0.00268519    -0.00271868    -0.00273989    -0.00274868    -0.00274498    -0.00272878    -0.0027001    -0.00265901    -0.00260563    -0.00254013    -0.00246275    -0.00237376    -0.00227351    -0.00216237    -0.00204081    -0.00190934    -0.00176852    -0.00161899    -0.00146148    -0.00129679    -0.00112598    -0.000950415    -0.000772177    -0.00059452    -0.000422613    -0.000264349    -0.000130981    -3.71576e-05    0    
0    -4.22573e-05    -0.00014857    -0.000299302    -0.000477824    -0.000671499    -0.000871566    -0.00107237    -0.00127038    -0.00146341    -0.00164997    -0.00182896    -0.0019995    -0.0021608    -0.00231214    -0.00245287    -0.00258238    -0.00270013    -0.00280563    -0.00289842    -0.00297813    -0.0030444    -0.00309695    -0.00313554    -0.00315999    -0.00317016    -0.00316597    -0.00314739    -0.00311444    -0.00306721    -0.00300584    -0.00293051    -0.00284148    -0.00273908    -0.00262368    -0.00249573    -0.00235574    -0.0022043    -0.00204205    -0.00186974    -0.00168817    -0.00149831    -0.00130133    -0.00109883    -0.000893186    -0.000688121    -0.000489562    -0.000306579    -0.000152152    -4.32774e-05    0    
0    -4.84334e-05    -0.000169938    -0.000341918    -0.000545364    -0.0007659    -0.00099359    -0.00122203    -0.00144724    -0.00166674    -0.00187884    -0.00208232    -0.00227615    -0.00245945    -0.00263141    -0.00279129    -0.00293842    -0.00307217    -0.00319199    -0.00329739    -0.00338792    -0.0034632    -0.00352291    -0.00356679    -0.00359461    -0.00360624    -0.00360158    -0.0035806    -0.00354331    -0.0034898    -0.00342023    -0.00333481    -0.00323381    -0.0031176    -0.0029866    -0.00284131    -0.0026823    -0.00251023    -0.00232583    -0.00212994    -0.00192347    -0.00170751    -0.0014834    -0.00125295    -0.00101885    -0.000785313    -0.000559068    -0.000350409    -0.000174114    -4.96207e-05    0    
0    -5.48452e-05    -0.000192132    -0.000386191    -0.000615542    -0.000863993    -0.00112039    -0.00137754    -0.00163099    -0.00187796    -0.00211657    -0.00234543    -0.00256341    -0.00276951    -0.00296283    -0.00314254    -0.0033079    -0.00345821    -0.00359286    -0.0037113    -0.00381304    -0.00389766    -0.0039648    -0.00401417    -0.00404553    -0.00405871    -0.00405362    -0.0040302    -0.00398847    -0.00392854    -0.00385055    -0.00375475    -0.00364144    -0.00351099    -0.00336389    -0.00320068    -0.00302199    -0.00282856    -0.0026212    -0.00240083    -0.0021685    -0.00192541    -0.00167308    -0.00141353    -0.00114979    -0.00088659    -0.000631489    -0.000396069    -0.000196988    -5.62245e-05    0    
0    -6.15273e-05    -0.000215267    -0.000432347    -0.000688705    -0.000966258    -0.00125257    -0.00153963    -0.0018225    -0.00209807    -0.00236426    -0.00261952    -0.00286259    -0.00309238    -0.00330788    -0.00350818    -0.00369245    -0.00385994    -0.00400997    -0.00414194    -0.00425531    -0.00434963    -0.00442449    -0.00447958    -0.00451465    -0.00452949    -0.004524    -0.00449813    -0.00445188    -0.00438536    -0.00429873    -0.00419224    -0.00406621    -0.00392107    -0.00375731    -0.00357554    -0.00337645    -0.00316084    -0.00292962    -0.00268379    -0.00242451    -0.00215315    -0.00187136    -0.00158143    -0.00128671    -0.0009925    -0.000707225    -0.000443816    -0.000220904    -6.31281e-05    0    
0    -6.85163e-05    -0.000239467    -0.000480627    -0.000765232    -0.00107321    -0.00139079    -0.00170912    -0.00202271    -0.00232813    -0.00262308    -0.00290587    -0.0031751    -0.00342955    -0.00366813    -0.00388985    -0.00409379    -0.00427914    -0.00444516    -0.00459119    -0.00471665    -0.00482105    -0.00490397    -0.00496504    -0.00500399    -0.00502062    -0.00501479    -0.00498643    -0.00493557    -0.00486229    -0.00476677    -0.00464926    -0.00451011    -0.00434976    -0.00416876    -0.00396773    -0.00374745    -0.00350877    -0.00325267    -0.00298028    -0.00269287    -0.00239194    -0.00207933    -0.00175756    -0.00143037    -0.00110364    -0.000786706    -0.000493926    -0.000246003    -7.03726e-05    0    
0    -7.58505e-05    -0.000264861    -0.000531287    -0.000845523    -0.00118542    -0.00153577    -0.00188685    -0.00223261    -0.00256927    -0.00289432    -0.00320587    -0.00350241    -0.0037826    -0.00404526    -0.0042893    -0.00451373    -0.00471767    -0.00490033    -0.005061    -0.00519906    -0.00531397    -0.00540528    -0.00547261    -0.00551566    -0.00553421    -0.00552809    -0.00549725    -0.00544168    -0.00536147    -0.0052568    -0.00512793    -0.00497522    -0.00479912    -0.00460022    -0.00437919    -0.00413684    -0.00387411    -0.00359206    -0.0032919    -0.00297503    -0.0026431    -0.00229814    -0.00194293    -0.00158161    -0.00122066    -0.000870399    -0.000546696    -0.000272435    -7.80021e-05    0    
0    -8.35705e-05    -0.00029159    -0.000584602    -0.00093001    -0.00130346    -0.00168827    -0.00207374    -0.00245327    -0.00282271    -0.0031793    -0.00352098    -0.0038461    -0.00415321    -0.00444101    -0.00470835    -0.00495416    -0.00517749    -0.0053775    -0.00555342    -0.00570461    -0.00583049    -0.00593058    -0.00600447    -0.00605185    -0.00607245    -0.00606613    -0.00603279    -0.00597243    -0.00588512    -0.00577104    -0.00563044    -0.0054637    -0.00527129    -0.00505381    -0.00481197    -0.00454663    -0.00425879    -0.00394958    -0.00362034    -0.00327256    -0.00290805    -0.00252905    -0.00213862    -0.00174131    -0.00134425    -0.000958811    -0.000602446    -0.000300363    -8.60639e-05    0    
0    -9.17204e-05    -0.000319803    -0.00064087    -0.00101916    -0.00142799    -0.0018491    -0.0022708    -0.00268586    -0.00308975    -0.00347946    -0.00385275    -0.00420783    -0.00454312    -0.00485724    -0.00514893    -0.00541706    -0.00566063    -0.00587874    -0.00607058    -0.00623547    -0.00637281    -0.00648207    -0.00656285    -0.00661479    -0.00663763    -0.00663119    -0.00659536    -0.00653012    -0.00643554    -0.00631178    -0.0061591    -0.00597785    -0.00576853    -0.00553175    -0.00526825    -0.00497892    -0.00466483    -0.00432719    -0.00396742    -0.00358715    -0.00318834    -0.00277344    -0.00234582    -0.00191045    -0.00147518    -0.00105249    -0.000661529    -0.000329963    -9.46096e-05    0    
0    -0.000100348    -0.000349664    -0.000700413    -0.00111347    -0.00155969    -0.00201914    -0.00247907    -0.00293159    -0.00337178    -0.00379634    -0.00420285    -0.00458937    -0.00495422    -0.00529589    -0.00561306    -0.00590454    -0.00616925    -0.00640624    -0.0066147    -0.00679389    -0.00694319    -0.00706206    -0.00715006    -0.00720684    -0.00723209    -0.00722563    -0.00718734    -0.00711716    -0.00701515    -0.00688145    -0.00671631    -0.00652008    -0.00629324    -0.00603641    -0.00575035    -0.00543599    -0.00509444    -0.00472698    -0.00433513    -0.00392064    -0.00348564    -0.0030328    -0.0025658    -0.00209009    -0.0016143    -0.00115205    -0.000724329    -0.00036143    -0.000103696    0    
0    -0.000109504    -0.000381351    -0.000763582    -0.0012135    -0.00169933    -0.00219937    -0.00269972    -0.00319182    -0.0036703    -0.00413159    -0.00457307    -0.00499263    -0.00538849    -0.00575905    -0.0061029    -0.00641878    -0.00670557    -0.00696229    -0.00718808    -0.0073822    -0.00754399    -0.00767292    -0.00776851    -0.0078304    -0.00785827    -0.00785192    -0.00781119    -0.00773603    -0.00762645    -0.00748257    -0.00730461    -0.00709291    -0.00684794    -0.0065703    -0.00626076    -0.00592027    -0.00554997    -0.00515122    -0.00472561    -0.00427504    -0.00380179    -0.00330877    -0.00279999    -0.00228143    -0.00176252    -0.00125815    -0.000791274    -0.00039498    -0.000113384    0    
0    -0.000119247    -0.000415062    -0.000830765    -0.00131985    -0.00184774    -0.00239083    -0.00293402    -0.003468    -0.00398695    -0.00448699    -0.00496531    -0.00541965    -0.00584808    -0.00624893    -0.0066207    -0.0069621    -0.00727196    -0.00754926    -0.00779314    -0.00800283    -0.00817767    -0.0083171    -0.00842066    -0.00848796    -0.00851868    -0.00851258    -0.00846948    -0.00838931    -0.00827204    -0.00811776    -0.00792666    -0.00769903    -0.00743531    -0.00713608    -0.00680211    -0.00643435    -0.00603396    -0.00560236    -0.00514122    -0.00465255    -0.00413881    -0.00360316    -0.00304997    -0.00248578    -0.00192088    -0.00137156    -0.00086284    -0.000430853    -0.000123746    0    
0    -0.000129641    -0.000451013    -0.000902392    -0.00143319    -0.00200583    -0.00259469    -0.00318336    -0.00376174    -0.00432352    -0.00486451    -0.00538168    -0.00587261    -0.00633527    -0.00676788    -0.00716889    -0.00753696    -0.0078709    -0.00816967    -0.00843239    -0.0086583    -0.00884675    -0.00899716    -0.00910908    -0.00918211    -0.00921591    -0.00921022    -0.00916486    -0.00907968    -0.00895465    -0.00878978    -0.00858523    -0.00834123    -0.00805818    -0.00773661    -0.00737726    -0.00698106    -0.0065492    -0.0060831    -0.00558452    -0.0050556    -0.00449895    -0.00391799    -0.0033175    -0.0027046    -0.00209054    -0.0014931    -0.000939564    -0.000469319    -0.000134858    0    
0    -0.000140758    -0.000489451    -0.000978946    -0.00155428    -0.00217465    -0.00281224    -0.00344928    -0.0040748    -0.00468196    -0.00526626    -0.00582443    -0.0063539    -0.00685251    -0.00731842    -0.00775004    -0.00814596    -0.008505    -0.00882613    -0.00910846    -0.00935125    -0.00955385    -0.00971572    -0.0098364    -0.00991548    -0.00995262    -0.00994755    -0.00990004    -0.00980992    -0.00967708    -0.0095015    -0.00928324    -0.00902249    -0.00871956    -0.00837492    -0.00798926    -0.00756346    -0.00709868    -0.00659638    -0.00605837    -0.00548687    -0.0048847    -0.00425553    -0.00360455    -0.00293955    -0.00227281    -0.00162373    -0.00102205    -0.000510685    -0.000146811    0    
0    -0.000152677    -0.000530652    -0.00106097    -0.00168395    -0.00235532    -0.00304493    -0.00373349    -0.00440913    -0.00506445    -0.00569458    -0.00629604    -0.00686609    -0.00740247    -0.00790328    -0.00836687    -0.00879184    -0.00917702    -0.00952137    -0.00982407    -0.0100844    -0.0103017    -0.0104755    -0.0106053    -0.0106908    -0.0107316    -0.0107273    -0.0106778    -0.0105829    -0.0104422    -0.0102559    -0.0100238    -0.00974593    -0.00942265    -0.00905427    -0.00864139    -0.00818483    -0.0076857    -0.00714544    -0.0065659    -0.00594938    -0.00529886    -0.00461832    -0.00391337    -0.00319253    -0.00246919    -0.00176454    -0.00111101    -0.000555303    -0.000159706    0    
0    -0.00016549    -0.000574931    -0.00114908    -0.00182316    -0.00254917    -0.00329438    -0.00403793    -0.00476692    -0.00547338    -0.00615205    -0.00679922    -0.00741199    -0.00798802    -0.00852535    -0.00902231    -0.00947753    -0.00988984    -0.0102583    -0.0105821    -0.0108605    -0.011093    -0.0112792    -0.0114186    -0.0115108    -0.0115555    -0.0115524    -0.0115011    -0.0114015    -0.0112532    -0.011056    -0.0108099    -0.0105148    -0.0101708    -0.00977812    -0.0093372    -0.00884878    -0.00831388    -0.00773388    -0.00711062    -0.00644649    -0.00574462    -0.00500926    -0.00424652    -0.00346569    -0.0026814    -0.00191679    -0.00120722    -0.000603577    -0.00017366    0    
0    -0.000179305    -0.000622648    -0.00124398    -0.00197301    -0.00275766    -0.00356245    -0.00436476    -0.00515064    -0.00591144    -0.00664154    -0.00733697    -0.0079947    -0.0086123    -0.00918778    -0.00971951    -0.0102061    -0.0106465    -0.0110399    -0.0113854    -0.0116825    -0.0119308    -0.0121297    -0.012279    -0.0123783    -0.0124272    -0.0124255    -0.0123728    -0.0122687    -0.0121129    -0.0119052    -0.0116452    -0.0113327    -0.0109677    -0.0105502    -0.0100805    -0.00955923    -0.00898718    -0.00836565    -0.00769646    -0.006982    -0.00622555    -0.00543166    -0.00460694    -0.00376152    -0.00291143    -0.00208194    -0.00131163    -0.000655979    -0.000188809    0    
0    -0.000194244    -0.000674224    -0.00134649    -0.00213475    -0.0029825    -0.00385125    -0.00471647    -0.00556305    -0.00638166    -0.00716625    -0.00791262    -0.0086176    -0.00927872    -0.00989399    -0.0104618    -0.0109809    -0.0114503    -0.0118693    -0.0122371    -0.0125534    -0.0128178    -0.0130299    -0.0131894    -0.0132961    -0.0133497    -0.0133497    -0.0132958    -0.0131876    -0.0130247    -0.0128066    -0.0125328    -0.012203    -0.011817    -0.0113744    -0.0108755    -0.0103204    -0.00970997    -0.0090452    -0.00832781    -0.00756022    -0.00674578    -0.00588934    -0.00499804    -0.00408295    -0.00316161    -0.00226169    -0.00142534    -0.000713064    -0.000205314    0    
0    -0.00021045    -0.000730148    -0.00145757    -0.00230986    -0.00322566    -0.00416321    -0.00509589    -0.00600732    -0.00688744    -0.00772976    -0.00852985    -0.00928443    -0.00999101    -0.0106476    -0.0112528    -0.0118054    -0.0123046    -0.0127497    -0.0131404    -0.0134762    -0.0137571    -0.0139826    -0.0141527    -0.0142672    -0.0143256    -0.0143277    -0.0142731    -0.0141613    -0.0139916    -0.0137636    -0.0134765    -0.0131297    -0.0127228    -0.0122551    -0.0117266    -0.0111371    -0.0104871    -0.00977746    -0.00900968    -0.00818606    -0.00731005    -0.00638673    -0.00542381    -0.0044334    -0.00343471    -0.00245809    -0.00154965    -0.000775493    -0.000223366    0    
0    -0.000228095    -0.000791    -0.00157834    -0.00250005    -0.00348945    -0.00450117    -0.0055063    -0.00648709    -0.00743267    -0.00833614    -0.0091928    -0.00999934    -0.0107533    -0.0114527    -0.0120964    -0.0126834    -0.0132129    -0.0136847    -0.0140985    -0.0144541    -0.0147516    -0.0149908    -0.0151717    -0.0152942    -0.0153579    -0.0153625    -0.0153077    -0.0151927    -0.015017    -0.0147796    -0.0144798    -0.0141166    -0.0136892    -0.0131967    -0.0126385    -0.0120143    -0.0113239    -0.010568    -0.00974769    -0.00886517    -0.00792384    -0.006929    -0.00588897    -0.00481693    -0.00373402    -0.00267356    -0.00168613    -0.000844057    -0.000243193    0    
0    -0.000247384    -0.000857474    -0.00171014    -0.00270737    -0.00377659    -0.00486845    -0.00595151    -0.00700654    -0.00802181    -0.00898996    -0.00990612    -0.0107669    -0.01157    -0.0123136    -0.0129968    -0.0136187    -0.014179    -0.0146776    -0.0151147    -0.0154902    -0.0158043    -0.0160573    -0.0162492    -0.0163799    -0.0164492    -0.0164569    -0.0164024    -0.016285    -0.0161039    -0.0158581    -0.0155465    -0.0151678    -0.0147207    -0.014204    -0.0136166    -0.0129575    -0.0122263    -0.011423    -0.0105483    -0.00960405    -0.00859356    -0.00752228    -0.0063991    -0.00523844    -0.00406352    -0.00291106    -0.00183669    -0.000919724    -0.000265074    0    
0    -0.000268563    -0.000930407    -0.00185459    -0.00293426    -0.00409031    -0.00526896    -0.006436    -0.00757055    -0.00865998    -0.00969648    -0.010675    -0.0115923    -0.0124461    -0.0132351    -0.0139583    -0.0146155    -0.0152068    -0.0157322    -0.0161924    -0.0165876    -0.0169183    -0.017185    -0.0173878    -0.0175269    -0.0176022    -0.0176134    -0.0175599    -0.017441    -0.0172556    -0.0170025    -0.0166803    -0.0162873    -0.0158218    -0.015282    -0.0146663    -0.013973    -0.0132009    -0.0123495    -0.0114188    -0.0104102    -0.00932675    -0.00817384    -0.00696097    -0.00570384    -0.00442807    -0.00317423    -0.00200368    -0.00100369    -0.000289351    0    
0    -0.000291937    -0.00101082    -0.00201366    -0.00318369    -0.0044345    -0.00570739    -0.00696505    -0.00818482    -0.0093531    -0.0104617    -0.0115055    -0.0124813    -0.0133872    -0.0142222    -0.0149859    -0.0156784    -0.0163003    -0.0168522    -0.017335    -0.0177494    -0.0180963    -0.0183764    -0.0185901    -0.0187378    -0.0188193    -0.0188345    -0.0187828    -0.0186634    -0.0184749    -0.018216    -0.0178848    -0.0174793    -0.0169972    -0.0164361    -0.0157935    -0.0150672    -0.0142549    -0.0133554    -0.0123677    -0.0112925    -0.0101323    -0.00889241    -0.00758276    -0.00622043    -0.00483372    -0.0034676    -0.00219005    -0.00109744    -0.000316453    0    
0    -0.000317885    -0.0011    -0.00218976    -0.00345928    -0.00481391    -0.00618938    -0.00754497    -0.00885606    -0.0101081    -0.0112925    -0.0124042    -0.0134403    -0.0143992    -0.0152806    -0.0160846    -0.016812    -0.0174638    -0.0180413    -0.0185459    -0.0189788    -0.0193412    -0.0196343    -0.0198586    -0.0200147    -0.0201028    -0.0201226    -0.0200736    -0.0199548    -0.0197648    -0.0195018    -0.0191637    -0.0187479    -0.0182516    -0.0176716    -0.0170045    -0.0162472    -0.0153964    -0.0144495    -0.0134046    -0.0122611    -0.0110208    -0.00968852    -0.00827452    -0.00679727    -0.00528804    -0.00379692    -0.00239955    -0.00120289    -0.000346927    0    
0    -0.000346885    -0.00119952    -0.00238594    -0.00376554    -0.00523433    -0.00672177    -0.00818331    -0.00959225    -0.010933    -0.0121969    -0.0133788    -0.0144764    -0.0154889    -0.0164164    -0.01726    -0.0180211    -0.0187016    -0.0193034    -0.0198284    -0.0202786    -0.0206556    -0.0209608    -0.0211952    -0.0213597    -0.0214545    -0.0214795    -0.0214341    -0.0213173    -0.0211275    -0.0208627    -0.0205202    -0.0200971    -0.0195897    -0.018994    -0.0183059    -0.0175207    -0.0166341    -0.0156418    -0.0145405    -0.0133281    -0.0120049    -0.010575    -0.00904872    -0.00744576    -0.00580073    -0.0041696    -0.00263708    -0.00132254    -0.000381485    0    
0    -0.000379549    -0.00131144    -0.00260602    -0.00410811    -0.00570296    -0.00731294    -0.00888923    -0.0104029    -0.0118374    -0.013184    -0.0144381    -0.0155979    -0.0166635    -0.0176362    -0.0185178    -0.0193108    -0.020018    -0.0206421    -0.0211858    -0.0216516    -0.0220417    -0.022358    -0.0226018    -0.0227743    -0.022876    -0.0229067    -0.0228661    -0.0227529    -0.0225654    -0.0223012    -0.0219575    -0.0215305    -0.0210159    -0.020409    -0.0197042    -0.0188957    -0.0179774    -0.0169433    -0.015788    -0.0145074    -0.0130997    -0.0115677    -0.00992099    -0.0081805    -0.00638437    -0.00459542    -0.00290913    -0.00145971    -0.000421081    0    
0    -0.000416681    -0.00143841    -0.00285496    -0.00449416    -0.00622886    -0.00797326    -0.00967385    -0.0112993    -0.0128325    -0.0142646    -0.0155918    -0.0168136    -0.0179311    -0.0189469    -0.0198641    -0.0206864    -0.0214175    -0.0220613    -0.0226211    -0.0231003    -0.0235016    -0.0238275    -0.0240798    -0.0242598    -0.0243683    -0.0244054    -0.0243705    -0.0242626    -0.0240797    -0.0238193    -0.0234779    -0.0230513    -0.0225346    -0.0219218    -0.0212062    -0.0203805    -0.0194366    -0.0183663    -0.0171615    -0.0158154    -0.0143235    -0.012686    -0.0109111    -0.00902037    -0.00705562    -0.00508755    -0.00322458    -0.00161901    -0.00046703    0    
0    -0.000459358    -0.00158393    -0.00313921    -0.00493297    -0.00682349    -0.00871567    -0.0105508    -0.0122953    -0.0139313    -0.0154509    -0.0168513    -0.0181335    -0.0193004    -0.0203561    -0.0213052    -0.022153    -0.0229043    -0.0235641    -0.0241369    -0.0246266    -0.0250368    -0.0253705    -0.0256298    -0.0258166    -0.0259318    -0.0259757    -0.0259478    -0.0258471    -0.0256715    -0.0254181    -0.0250832    -0.0246621    -0.024149    -0.023537    -0.0228181    -0.0219831    -0.0210219    -0.0199236    -0.0186768    -0.0172711    -0.0156979    -0.0139537    -0.0120441    -0.00999005    -0.00783682    -0.00566406    -0.00359585    -0.00180694    -0.00052122    0    
0    -0.000509054    -0.00175277    -0.00346738    -0.0054366    -0.00750151    -0.00955636    -0.0115368    -0.0134071    -0.0151494    -0.016757    -0.018229    -0.0195686    -0.0207806    -0.0218713    -0.0228474    -0.0237155    -0.0244822    -0.0251535    -0.0257352    -0.0262319    -0.0266481    -0.0269871    -0.0272519    -0.0274444    -0.027566    -0.0276171    -0.0275974    -0.0275058    -0.0273403    -0.0270977    -0.0267741    -0.0263642    -0.0258616    -0.0252583    -0.0245451    -0.023711    -0.0227435    -0.0216286    -0.020351    -0.0188955    -0.0172482    -0.0154    -0.0133517    -0.0111219    -0.0087583    -0.00635024    -0.00404079    -0.00203309    -0.000586464    0    
0    -0.000567849    -0.00195147    -0.00385108    -0.00602097    -0.00828179    -0.0105156    -0.0126522    -0.0146542    -0.0165046    -0.0181987    -0.0197385    -0.0211299    -0.0223808    -0.0234998    -0.0244959    -0.0253779    -0.0261537    -0.0268311    -0.0274166    -0.0279161    -0.0283346    -0.0286762    -0.0289443    -0.0291413    -0.0292687    -0.0293273    -0.0293169    -0.0292364    -0.0290839    -0.0288562    -0.028549    -0.0281567    -0.0276723    -0.0270871    -0.0263905    -0.0255697    -0.0246098    -0.0234934    -0.0222008    -0.0207109    -0.0190027    -0.0170592    -0.0148732    -0.0124579    -0.00986109    -0.00718167    -0.00458538    -0.00231182    -0.000667105    0    
0    -0.000638751    -0.00218926    -0.00430612    -0.00670713    -0.00918846    -0.0116185    -0.0139214    -0.0160589    -0.0180165    -0.0197926    -0.0213932    -0.0228282    -0.0241088    -0.025247    -0.0262543    -0.0271417    -0.0279191    -0.0285956    -0.029179    -0.0296761    -0.0300927    -0.0304336    -0.0307024    -0.0309021    -0.0310345    -0.0311006    -0.0311004    -0.0310331    -0.0308966    -0.0306878    -0.0304024    -0.0300346    -0.029577    -0.0290201    -0.0283525    -0.0275598    -0.0266245    -0.025526    -0.0242397    -0.0227376    -0.02099    -0.0189687    -0.0166547    -0.0140505    -0.0111994    -0.00820781    -0.00526744    -0.00266487    -0.000769988    0    
0    -0.000726207    -0.00247918    -0.00485407    -0.00752259    -0.0102517    -0.012895    -0.0153719    -0.0176452    -0.0197045    -0.0215535    -0.0232038    -0.0246699    -0.0259678    -0.027113    -0.0281201    -0.0290025    -0.0297721    -0.0304394    -0.0310136    -0.0315022    -0.0319119    -0.0322479    -0.0325144    -0.0327147    -0.0328508    -0.0329241    -0.0329349    -0.0328823    -0.0327646    -0.0325788    -0.0323206    -0.0319843    -0.0315623    -0.0310449    -0.0304198    -0.0296716    -0.0287809    -0.0277238    -0.0264709    -0.024987    -0.0232316    -0.0211626    -0.0187437    -0.0159595    -0.0128404    -0.00949454    -0.00614059    -0.00312487    -0.000905921    0    
0    -0.00083689    -0.00283977    -0.00552384    -0.00850211    -0.0115072    -0.014378    -0.0170311    -0.0194338    -0.0215824    -0.0234885    -0.0251709    -0.0266506    -0.0279486    -0.0290849    -0.0300772    -0.0309416    -0.031692    -0.0323404    -0.0328968    -0.0333698    -0.0337666    -0.0340929    -0.0343533    -0.0345513    -0.0346895    -0.0347691    -0.0347909    -0.0347542    -0.0346576    -0.0344983    -0.0342723    -0.0339741    -0.0335963    -0.0331293    -0.0325607    -0.0318744    -0.03105    -0.0300611    -0.0288741    -0.0274466    -0.025727    -0.0236562    -0.0211748    -0.0182402    -0.0148568    -0.0111219    -0.00727636    -0.00373882    -0.00109164    0    
0    -0.000980846    -0.00329677    -0.00635247    -0.00968617    -0.0129919    -0.0160958    -0.0189166    -0.0214304    -0.0236448    -0.0255821    -0.0272705    -0.0287386    -0.0300138    -0.0311202    -0.0320795    -0.0329099    -0.0336272    -0.0342447    -0.0347732    -0.0352221    -0.0355989    -0.0359097    -0.0361593    -0.0363515    -0.036489    -0.0365734    -0.0366054    -0.036585    -0.0365108    -0.0363806    -0.0361907    -0.0359361    -0.03561    -0.0352033    -0.0347041    -0.0340965    -0.03336    -0.0324671    -0.0313814    -0.0300549    -0.0284254    -0.0264158    -0.0239391    -0.0209145    -0.0173033    -0.0131697    -0.00875951    -0.00456993    -0.0013521    0    
0    -0.00117315    -0.0038845    -0.00738305    -0.0111136    -0.0147308    -0.0180545    -0.0210139    -0.0236012    -0.0258403    -0.0277679    -0.0294238    -0.0308456    -0.0320669    -0.0331168    -0.0340199    -0.0347966    -0.035464    -0.0360363    -0.036525    -0.0369397    -0.037288    -0.0375762    -0.0378092    -0.0379909    -0.0381239    -0.0382102    -0.0382508    -0.0382456    -0.0381938    -0.0380936    -0.0379419    -0.0377345    -0.0374653    -0.0371263    -0.0367066    -0.0361916    -0.0355617    -0.0347902    -0.0338402    -0.0326606    -0.0311818    -0.0293109    -0.0269319    -0.0239181    -0.020168    -0.0156799    -0.0106682    -0.00569368    -0.0017227    0    
0    -0.00143631    -0.00464527    -0.0086554    -0.0128016    -0.016707    -0.0201999    -0.0232332    -0.0258249    -0.0280216    -0.0298779    -0.0314468    -0.032775    -0.0339023    -0.0348617    -0.0356801    -0.0363793    -0.0369769    -0.0374874    -0.0379223    -0.0382909    -0.0386008    -0.0388581    -0.0390674    -0.0392326    -0.0393562    -0.0394403    -0.0394859    -0.0394933    -0.039462    -0.0393907    -0.039277    -0.0391174    -0.0389071    -0.0386392    -0.0383046    -0.0378908    -0.0373803    -0.0367488    -0.0359617    -0.0349692    -0.0336992    -0.0320495    -0.0298809    -0.0270207    -0.0232908    -0.0185862    -0.0130276    -0.0071817    -0.00225091    0    
0    -0.00180386    -0.00562313    -0.0101811    -0.0147013    -0.0188021    -0.0223476    -0.0253335    -0.0278153    -0.0298678    -0.0315655    -0.0329742    -0.0341485    -0.0351324    -0.035961    -0.0366618    -0.0372565    -0.0377622    -0.0381925    -0.0385582    -0.0388679    -0.0391285    -0.0393455    -0.0395231    -0.0396647    -0.0397728    -0.0398492    -0.039895    -0.0399106    -0.0398959    -0.03985    -0.0397712    -0.0396569    -0.0395034    -0.0393054    -0.0390558    -0.0387444    -0.0383572    -0.0378739    -0.0372647    -0.0364852    -0.035468    -0.0341121    -0.0322692    -0.0297347    -0.0262582    -0.0216053    -0.0157238    -0.00906284    -0.00299617    0    
0    -0.00232498    -0.00684181    -0.0118839    -0.0166082    -0.0206889    -0.0240684    -0.0268084    -0.0290111    -0.0307807    -0.0322089    -0.0333699    -0.0343217    -0.0351085    -0.0357641    -0.0363139    -0.0367774    -0.0371696    -0.0375022    -0.0377843    -0.038023    -0.0382239    -0.0383917    -0.0385297    -0.0386407    -0.0387269    -0.0387896    -0.03883    -0.0388483    -0.0388448    -0.0388188    -0.0387693    -0.0386946    -0.0385919    -0.0384577    -0.0382869    -0.0380719    -0.0378025    -0.0374633    -0.0370313    -0.0364709    -0.0357267    -0.0347109    -0.0332864    -0.0312469    -0.0283032    -0.0241051    -0.0183686    -0.0112395    -0.00402181    0    
0    -0.00306013    -0.00823027    -0.0134606    -0.0179893    -0.0216529    -0.0245228    -0.0267413    -0.0284536    -0.029783    -0.0308262    -0.0316555    -0.0323235    -0.0328684    -0.0333178    -0.0336918    -0.0340053    -0.0342696    -0.034493    -0.0346821    -0.034842    -0.0349768    -0.0350895    -0.0351827    -0.0352581    -0.0353174    -0.0353615    -0.0353912    -0.0354069    -0.0354086    -0.0353962    -0.0353689    -0.0353258    -0.0352653    -0.035185    -0.0350817    -0.0349507    -0.0347851    -0.0345749    -0.0343045    -0.0339494    -0.0334703    -0.0328029    -0.0318419    -0.0304171    -0.0282622    -0.0249877    -0.02011    -0.0133105    -0.00534679    0    
0    -0.00399701    -0.00936278    -0.0140374    -0.0176493    -0.0203169    -0.0222564    -0.0236661    -0.0247005    -0.0254716    -0.0260579    -0.026513    -0.0268734    -0.0271639    -0.0274015    -0.027598    -0.0277622    -0.0279002    -0.0280167    -0.0281152    -0.0281985    -0.0282688    -0.0283276    -0.0283764    -0.0284162    -0.0284476    -0.0284714    -0.0284878    -0.0284971    -0.0284995    -0.0284947    -0.0284825    -0.0284624    -0.0284335    -0.0283948    -0.0283445    -0.0282802    -0.0281982    -0.0280933    -0.0279569    -0.0277757    -0.0275276    -0.027176    -0.0266592    -0.0258723    -0.0246364    -0.0226475    -0.0194034    -0.014199    -0.0067252    0    
0    -0.00448406    -0.00855152    -0.0113323    -0.0131281    -0.0142814    -0.0150317    -0.0155308    -0.0158727    -0.0161146    -0.016292    -0.0164264    -0.0165314    -0.0166153    -0.0166837    -0.0167403    -0.0167875    -0.0168273    -0.0168609    -0.0168893    -0.0169134    -0.0169338    -0.0169509    -0.016965    -0.0169766    -0.0169858    -0.0169928    -0.0169977    -0.0170005    -0.0170013    -0.017    -0.0169966    -0.0169909    -0.0169827    -0.0169715    -0.0169569    -0.0169382    -0.016914    -0.0168828    -0.0168417    -0.0167863    -0.0167093    -0.0165984    -0.0164327    -0.0161754    -0.0157607    -0.0150619    -0.0138144    -0.0114273    -0.0067827    0    
0    0    0    0    0    0    0    0    0    0    0    0    0    0    0    0    0    0    0    0    0    0    0    0    0    0    0    0    0    0    0    0    0    0    0    0    0    0    0    0    0    0    0    0    0    0    0    0    0    0    0    
